0|Mis|Pc|1.0|204| |2.0|3.0|1.0|
1|Tastatura|Pc|2.0|204| |2.0|1.0|1.0|
2|pivo|valjevsko|1.0|204| |2.0|3.0|4.0|
3|Zvucnik|komp|3.0|203|a3t4|4.0|5.0|6.0|
4|telefon |mobilni|0.2|79780| |0.3|0.2|0.1|
5|novcanik|pare|0.2|57600| |0.1|0.2|0.15|
6|kafa|bonito|1.0|204| |2.0|3.0|4.0|
7|indeks|student|2.0|203| |3.0|4.0|5.0|
8|guarana|ajoj|4.0|203| |5.0|6.0|7.0|
9|tiganj|lep|12.0|204| |3.0|4.0|6.0|
10|asdf|asdaf|13.0|204| |1.0|2.0|1.0|
11|aaa|sss|1.0|204| |1.0|1.0|1.0|
12|pivo|hladno|2.0|31440| |3.0|4.0|2.0|
13|pivo|mlako|2.0|31440| |3.0|4.0|2.0|
